27150.410000000003
593.3999999999999
765.5499999999997
718.58
897.0999999999997
837.8100000000001
959.5700000000002
966.3000000000001
812.9200000000001
902.7699999999999
1379.96
1310.1600000000003
632.0500000000002
822.0399999999996
724.7499999999997
761.1300000000001
861.2400000000001
768.3500000000003
621.5799999999998
1001.26
1024.7700000000004
568.9999999999999
687.4600000000003
662.76
671.9
720.0799999999999
925.9999999999998
629.3699999999999
378.5500000000001
517.2999999999998
443.68
496.8800000000001
657.2500000000001
632.7700000000001
615.55
555.64
384.52000000000004
277.28999999999996
284.6600000000001
470.20000000000005
586.47
401.53
493.68
349.74000000000007
375.00000000000006
347.2399999999999
269.28000000000003
305.49
285.4
241.52
410.1099999999999
440.5700000000001
357.58
385.38000000000005
411.66
253.74
247.66999999999993
428.7800000000001
317.2899999999999
419.3799999999999
277.55999999999995
258.7800000000001
361.7
366.05000000000007
284.19
276.2800000000001
302.48
369.6100000000001
283.19999999999993
237.42999999999995
219.32
206.61000000000007
199.71999999999997
279.4700000000001
378.4
433.92
299.9500000000001
212.09999999999997
371.15000000000003
155.47000000000003
163.04000000000005
242.69
218.03000000000003
154.07000000000002
165.82
237.78999999999996
178.75999999999996
225.43000000000004
219.71000000000004
247.73999999999995
320.2999999999999
227.1399999999999
196.26000000000005
184.04000000000005
234.46000000000006
224.79000000000005
210.26
157.49999999999994
164.78000000000003
184.81999999999996
233.16
355.89000000000016
333.71999999999997
242.26000000000002
342.02
185.97999999999996
232.60999999999993
190.63000000000002
210.71000000000004
253.82000000000002
254.31000000000006
146.76000000000002
170.28
151.55
242.7599999999999
236.29
369.2100000000001
152.87999999999997
148.33
162.42
125.07000000000001
176.55999999999992
115.97999999999996
218.59000000000006
231.28
151.54
121.06
216.92000000000002
192.39
162.7
154.83999999999997
189.60000000000002
105.79999999999997
108.17999999999999
151.62
209.45999999999995
300.53000000000003
246.82000000000005
174.12000000000003
166.39000000000001
170.15
141.05999999999997
122.12
164.96
153.97000000000003
158.73999999999998
112.55999999999999
129.09
178.56999999999994
211.77999999999997
146.68000000000004
228.31999999999996
188.86000000000004
188.93
228.06000000000006
261.68
287.36
237.06
194.06000000000006
215.25000000000003
181.25000000000003
163.6899999999999
192.27999999999994
111.72999999999999
188.45999999999998
187.07
237.56999999999996
170.60000000000005
170.61000000000004
244.08
127.94
207.70000000000002
373.7999999999999
239.58999999999992
286.58
315.64
156.22
160.7800000000001
170.32
231.27999999999997
199.57000000000002
147.59
254.94000000000005
372.02
367.4600000000001
421.71000000000004
528.2500000000001
353.29
346.59999999999997
218.79
442.3900000000001
214.22000000000003
341.4599999999999
293.04
271.14
267.05999999999995
263.34000000000003
280.92
312.13000000000005
262.43999999999994
186.55000000000004
179.17000000000004
159.04000000000002
166.27999999999997
229.07
236.14999999999992
312.68000000000006
333.9700000000001
297.4200000000002
278.12000000000006
248.76
258.4
232.62999999999994
259.3800000000001
271.67999999999995
233.57999999999998
279.36
248.60000000000005
233.39000000000004
200.28
216.83999999999995
289.75
154.69999999999993
153.71
242.63999999999996
241.10000000000008
200.42000000000002
261.73000000000013
274.65000000000003
271.96000000000004
254.00000000000006
298.64000000000004
368.80000000000007
266.51
266.90999999999997
210.75999999999996
264.05999999999995
200.62
232.58
294.87
255.37999999999997
225.2600000000001
191.44000000000003
260.88000000000005
231.64000000000001
281.55000000000007
323.09
296.83000000000004
452.7799999999999
281.3900000000001
267.8299999999999
290.40999999999997
308.12000000000006
280.21000000000004
214.17999999999998
246.81
378.4800000000002
283.21999999999997
281.7
384.06000000000006
305.1499999999999
339.4500000000001
262.53
256.16
373.59999999999997
217.56
216.61999999999998
278.01
348.19000000000005
392.3
284.02000000000004
267.27
285.9699999999999
242.56999999999994
368.49
382.55000000000007
451.79
317.89
345.54
435.5899999999999
277.93
326.78999999999996
255.51999999999998
251.75000000000003
260.34000000000003
231.96000000000004
201.91000000000003
301.5999999999999
316.3699999999999
371.6199999999999
255.56000000000003
316.17
350.6000000000001
264.79999999999995
267.71
341.56
226.91999999999996
219.38000000000008
312.8999999999999
310.52000000000004
246.33
279.5199999999999
270.9
334.67999999999984
277.74
254.70000000000005
299.87
311.2500000000001
334.5400000000001
305.71999999999997
235.61999999999998
238.41999999999996
251.06
334.98000000000013
253.7400000000001
243.74000000000007
224.09000000000003
222.85999999999999
266.86000000000007
374.8999999999999
211.53000000000003
235.65
293.34
382.75
265.2099999999999
408.3700000000001
289.85999999999996
284.2300000000001
258.81000000000006
345.7199999999999
378.3199999999999
286.48
264.48999999999995
441.47
379.52000000000004
366.34000000000003
275.9299999999999
277.37
352.84000000000003
262.68000000000006
311.7099999999999
310.3499999999999
260.84
247.72000000000003
307.0000000000001
191.00999999999996
203.39000000000007
200.39999999999995
253.99999999999997
223.81
267.7
234.16000000000003
242.95999999999992
209.99
205.85999999999999
182.87999999999997
283.03000000000014
269.74999999999994
224.78000000000003
196.3100000000001
204.48000000000005
319.63999999999993
319.7499999999999
203.54000000000002
243.9
239.89000000000007
236.14999999999998
220.62999999999994
262.44
225.48000000000005
208.18999999999997
171.39
161.45999999999998
185.26000000000002
234.00999999999988
176.04000000000002
182.86999999999995
172.09000000000006
190.39999999999998
274.12
197.35000000000005
220.6
221.19000000000003
234.70999999999995
226.06000000000003
212.45
175.79
219.8
198.71999999999997
203.83999999999997
208.89999999999995
252.92999999999995
181.26000000000002
195.03
194.52999999999994
184.54999999999998
197.53999999999996
231.82000000000002
250.72000000000008
238.19000000000003
265.7
206.77
227.78000000000003
240.52
172.6
214.20000000000007
169.30999999999997
188.33999999999997
219.99
211.10999999999999
219.11000000000004
248.73
243.02
261.83
225.65999999999997
233.29000000000002
226.06999999999996
211.56999999999994
249.79999999999995
210.3
290.01
236.71999999999994
219.6
243.77
282.11
212.13999999999996
205.26000000000002
234.18
241.89
211.62999999999997
289.98
256.90999999999985
217.36
237.04
251.73
211.14999999999998
267.38
273.34
217.84999999999997
203.99999999999997
213.65999999999997
264.83
244.54
280.5699999999999
174.66999999999993
278.5900000000001
195.61000000000004
233.9
295.86999999999995
213.37
184.12
198.61999999999995
181.48999999999998
202.60999999999996
453.11
709.9300000000001
374.1700000000001
380.21000000000004
527.9300000000001
581.3799999999999
518.7200000000001
454.69999999999993
389.2900000000001
447.28000000000014
536.4899999999999
541.2799999999999
384.50999999999993
415.70000000000005
420.2999999999999
472.0199999999999
620.73
840.5
429.1199999999999
338.87
466.99
375.57
543.6400000000002
415.08000000000004
559.92
489.0900000000001
593.77
393.43999999999994
420.46000000000004
421.71999999999986
522.9499999999999
420.79
422.58
416.63999999999993
388.18000000000006
410.56000000000006
475.89999999999986
451.38
436.58
384.73000000000013
428.26
428.3
381.84
333.46999999999997
390.87
318.11999999999995
280.78999999999996
206.40000000000006
277.51
310.06000000000006
268.61000000000007
261.53999999999996
222.10000000000002
272.74000000000007
326.58
351.37
388.80999999999995
421.68999999999994
516.4099999999999
422.06
504.58000000000004
428.04
368.43000000000006
456.09000000000003
434.94999999999993
580.6199999999999
388.9599999999999
494.3399999999999
447.78
511.0499999999999
392.68000000000006
410.74000000000007
471.70000000000016
468.67
387.25000000000017
382.35000000000014
400.96999999999997
398.42999999999995
467.84999999999997
343.11
427.09
420.15
346.4899999999999
341.88000000000005
259.4
311.0399999999999
254.59
295.98
263.38
248.64999999999998
295.46
269.74999999999994
291.6
430.9599999999999
323.9
313.08000000000004
338.3300000000001
331.60999999999996
364.13999999999993
279.43000000000006
307.59
250.57999999999998
405.38000000000017
460.1000000000001
519.8700000000001
404.1699999999998
384.98999999999984
351.86999999999995
451.23
396.1099999999999
429.75
447.3700000000001
449.2299999999999
450.80000000000007
407.5
333.38000000000005
373.26000000000005
340.7000000000001
365.32
366.2600000000001
497.09999999999997
364.55000000000007
384.0800000000001
370.46
391.41999999999996
407.9599999999999
389.8299999999999
312.1699999999999
312.4
402.08000000000004
311.3
321.53999999999996
321.38
360.74
382.43
360.76
372.0099999999999
339.78
350.47999999999996
393.08
461.14
524.5000000000001
411.51000000000005
443.7600000000002
407.98
369.8299999999999
435.7100000000001
326.27
363.8199999999999
354.31000000000006
354.43000000000006
326.81
286.80999999999995
470.68
395.7099999999999
402.91999999999996
518.6499999999999
434.7
515.9300000000001
383.30000000000007
405.4399999999999
391.90999999999997
520.6399999999999
555.7199999999998
527.1499999999999
493.90999999999997
447.98
437.8900000000001
431.50000000000006
610.1099999999999
476.90000000000003
482.9399999999998
509.17999999999984
344.07000000000005
483.8300000000001
453.25000000000006
515.0800000000002
378.1499999999999
774.47
396.2100000000001
489.1400000000001
287.69
337.85999999999996
539.5699999999998
493.18999999999994
366.55
512.2800000000001
386.67
332.65
699.0600000000003
533.95
617.3699999999999
501.9100000000001
520.64
585.7100000000004
435.0600000000002
498.5699999999998
434.34
676.6800000000001
444.12999999999994
610.3399999999999
521.0500000000001
346.0899999999999
445.3099999999999
527.1400000000001
515.87
403.23000000000013
457.2900000000001
564.62
437.14999999999986
468.43
514.2399999999999
477.2699999999999
531.6600000000001
434.92
510.2699999999999
538.8900000000001
443.13
431.77
487.8100000000001
518.7400000000001
342.41999999999996
358.12000000000006
537.35
395.25000000000006
469.19
445.75999999999993
456.2
430.2299999999999
444.3000000000001
408.2
476.4
404.27
423.65999999999997
442.1700000000001
403.4
495.18
492.14
410.9199999999999
343.45999999999987
360.41
448.53
388.1300000000001
428.6099999999999
314.40999999999997
279.18
309.15
249.2800000000001
414.32
458.2399999999999
441.03000000000003
386.6899999999999
461.30000000000007
490.46999999999986
420.40999999999997
701.2800000000002
356.63
380.2000000000001
495.9900000000001
411.33000000000004
381.51
574.86
478.78
478.62000000000006
493.1700000000001
425.69999999999993
425.3899999999999
382.95000000000005
426.55
699.5700000000002
429.17000000000013
434.43
479.0800000000001
386.5200000000001
333.2300000000001
356.1099999999999
512.01
422.2399999999999
285.08
200.83
176.63
204.96
195.13000000000005
210.25000000000003
201.41000000000003
183.70000000000002
332.96000000000004
208.76
228.74
182.53
213.13000000000002
224.23
223.27
215.46
277.75000000000006
259.15000000000003
280.64999999999975
208.07999999999998
182.36000000000004
174.79000000000002
212.68
224.80999999999995
226.35
160.61999999999998
188.35999999999999
353.08000000000004
122.44999999999996
146.61999999999995
194.06000000000003
235.39999999999998
182.63999999999993
209.43999999999994
272.8
213.07000000000002
218.28
193.44
148.52
159.63999999999996
164.58999999999997
196.61999999999995
202.35999999999999
152.68999999999997
153.92
208.36000000000004
172.57000000000005
195.43000000000004
186.31000000000003
238.21000000000004
181.59000000000003
186.78
260.8
186.24
208.26
209.20000000000002
210.64999999999995
260.21999999999997
160.32999999999993
149.35999999999999
218.10000000000002
195.77999999999997
146.75000000000003
179.43999999999997
145.57
151.0
272.9
271.33
396.43999999999994
280.8800000000001
250.96999999999989
221.83999999999995
177.75999999999996
186.56999999999996
192.27999999999997
193.7
238.93000000000004
204.09999999999997
189.01000000000005
340.83
246.84
230.07
267.33
264.92999999999995
360.86999999999995
402.05
251.34000000000006
280.18000000000006
296.02000000000004
285.32
286.37999999999994
212.01
331.22
226.67000000000002
199.42
228.67
244.87999999999997
197.91
230.20999999999995
235.3699999999999
266.8500000000001
507.68
248.56
227.70999999999995
263.4100000000001
296.5999999999999
352.13000000000005
220.36
275.05
284.36
251.88
240.19
246.69000000000003
358.0599999999999
266.71999999999997
232.93000000000004
223.6699999999999
238.20000000000007
243.52000000000004
289.76
258.53
273.67
223.41
265.44000000000005
293.61
229.86999999999998
244.42999999999995
211.44
248.91999999999996
231.5799999999999
249.07999999999998
211.47000000000006
242.48000000000002
229.49999999999994
260.97999999999996
228.71000000000004
226.83999999999997
277.77000000000004
278.97999999999996
248.59999999999997
247.08999999999997
230.76999999999995
315.99000000000007
248.92999999999995
218.98000000000002
288.6899999999999
236.40000000000006
241.94000000000003
349.44
240.06000000000012
184.39
293.64
207.17
223.87000000000003
274.25
275.1700000000001
245.73
200.86
224.51000000000002
196.17
197.00999999999996
155.47000000000008
195.89999999999998
154.14
187.68000000000004
200.66
174.05000000000004
150.40999999999997
156.19
146.54000000000002
140.07999999999998
211.35999999999996
148.68
148.7
161.39999999999998
187.87999999999997
124.61000000000001
198.81999999999996
214.0399999999999
338.72999999999996
235.81000000000003
293.20000000000005
282.03000000000003
270.1
323.98
351.4299999999999
282.55
268.72999999999996
385.09000000000003
312.05000000000007
370.95
470.8900000000001
272.65000000000003
293.19
268.46999999999997
333.9800000000001
326.03
423.65000000000003
267.93000000000006
255.96
274.3499999999999
256.04999999999995
307.16999999999996
269.78000000000003
253.45000000000005
269.74000000000007
322.81
269.63
318.1099999999999
302.18
302.40000000000003
311.5
236.74000000000004
276.65
250.16
248.63999999999996
276.29
279.31
309.96
273.59
286.24999999999994
230.36000000000004
280.16999999999996
296.53000000000003
363.25
271.36
278.63000000000005
301.52000000000004
452.23
372.30999999999995
424.04999999999995
484.51999999999987
324.04999999999995
353.60000000000014
307.78999999999996
350.84999999999997
378.1100000000002
424.56
502.02999999999986
524.0500000000001
482.35999999999996
527.83
569.5099999999999
437.03000000000003
502.22
544.0600000000001
498.15
524.7600000000001
604.5000000000001
552.78
535.52
499.78000000000014
408.22
411.52000000000004
499.58
543.49
571.2800000000001
429.02000000000004
410.19000000000005
458.2600000000001
487.01000000000005
465.21
489.12000000000006
613.5099999999999
452.11
581.6800000000001
418.1600000000001
367.2400000000001
307.0199999999999
272.36
404.6799999999999
334.32000000000005
260.86
227.34999999999997
258.42999999999995
292.16
310.33
384.13999999999993
439.6899999999999
490.3899999999999
434.45000000000016
655.91
602.13
707.5399999999998
730.34
540.86
486.13999999999993
516.9800000000001
474.56
458.56
476.41999999999996
511.09999999999997
528.0400000000001
473.4399999999999
523.31
486.98999999999995
493.24000000000007
529.6900000000002
320.18
275.99000000000007
244.4600000000001
273.11
234.31000000000003
246.24
248.77
288.7299999999998
231.43999999999994
224.45999999999998
278.84999999999997
212.71999999999997
231.18000000000004
249.35
296.29999999999995
272.34999999999997
297.96999999999997
289.69999999999993
316.17
241.12
266.4699999999999
286.5700000000001
265.60999999999996
293.0400000000001
254.33999999999997
226.37
235.06999999999996
244.44000000000003
252.91999999999996
277.4599999999999
247.0500000000001
227.4
253.67999999999998
270.95
305.44
295.2100000000001
233.04000000000005
295.6799999999999
247.16999999999993
285.7099999999999
248.9699999999999
235.01
226.67000000000002
262.71999999999997
200.88000000000005
212.02
243.72999999999996
235.51000000000002
261.29
274.4000000000001
221.11999999999998
238.87999999999997
236.82
222.50000000000003
260.45
207.38000000000002
229.98000000000002
256.32
261.1
254.65000000000003
224.99999999999997
288.7099999999999
233.60999999999999
227.80000000000004
233.34999999999997
219.1800000000001
237.99
235.1700000000001
268.2
256.79
232.77999999999997
228.89
242.86999999999995
211.74999999999994
261.53
358.6499999999999
263.02
280.81999999999994
249.99000000000004
151.53
129.92
158.62000000000003
156.64999999999998
156.05000000000004
138.61999999999995
127.72999999999996
163.39000000000001
158.83
186.58999999999997
262.12
248.21
232.98999999999998
242.85000000000002
199.12000000000006
215.48000000000005
218.52000000000007
203.60999999999996
359.65000000000003
198.75000000000003
239.37000000000006
342.83000000000004
237.6599999999999
282.85
222.35999999999999
278.92
211.17999999999998
272.0700000000001
232.64999999999995
267.86
268.67999999999995
237.17000000000002
268.94999999999993
282.70000000000005
228.12000000000003
258.26000000000005
249.60999999999993
216.47
250.48000000000005
271.95000000000005
246.47000000000006
223.63
223.26
277.13999999999993
290.18000000000006
292.89
247.3
207.46999999999997
268.8499999999999
259.21
243.22000000000003
226.0900000000001
254.37
225.04999999999998
228.9899999999999
227.70000000000002
288.8
230.46000000000006
238.30999999999997
230.36999999999998
226.41999999999993
280.81000000000006
288.13
255.65000000000003
285.16999999999996
292.77
228.36999999999995
238.53999999999996
250.69999999999996
248.98000000000005
286.14
261.54999999999995
271.8299999999999
246.1099999999999
218.97000000000006
243.59
280.3399999999999
250.94000000000003
277.89
236.31000000000003
248.40000000000006
260.88000000000005
255.32000000000002
251.25000000000006
307.94
255.31999999999994
318.36999999999995
259.63
267.87000000000006
240.57999999999998
255.09000000000003
208.75999999999996
218.52000000000004
264.79
274.7
260.0499999999999
223.91000000000003
214.13
190.52000000000004
225.86
253.60000000000002
262.04999999999995
210.75
236.10000000000002
244.42999999999986
239.21
232.17
210.73000000000008
211.85999999999999
274.32
278.2700000000001
239.78000000000006
224.10000000000005
231.01999999999995
227.15
223.18000000000006
265.41
265.84
260.83
226.21
232.14999999999998
254.10000000000005
237.53
221.39000000000001
199.98999999999998
231.04000000000005
259.8300000000001
270.67
224.71999999999994
273.95000000000005
336.69999999999993
266.21000000000004
297.21
240.80999999999997
283.09000000000003
262.71
246.4499999999999
250.15999999999997
226.92000000000004
259.83000000000004
273.82000000000005
295.33000000000004
215.37999999999994
203.0300000000001
195.55
142.49000000000004
126.76999999999998
153.13
182.67000000000004
135.92
161.42999999999995
260.93
133.00000000000003
208.07999999999998
229.75000000000006
251.63999999999993
213.15000000000003
219.94999999999996
227.90999999999997
247.45000000000002
241.42000000000002
262.79
197.5
283.77
156.08
175.41000000000005
170.19
161.63000000000008
280.5
209.94999999999987
146.94000000000003
182.96000000000004
176.73
181.75000000000003
234.51999999999995
297.2799999999999
223.52000000000004
219.23000000000008
238.4499999999999
267.3999999999999
260.3200000000001
247.06000000000003
268.5199999999999
252.96999999999997
171.57
157.64999999999995
196.78999999999996
175.47000000000003
167.5
198.51000000000002
162.50999999999996
155.20000000000002
209.73
147.54999999999998
177.38000000000002
192.60999999999993
236.18000000000004
285.18000000000006
194.08999999999995
196.33000000000004
197.79000000000002
213.16999999999996
188.62999999999997
242.18999999999997
156.01000000000002
145.07
200.8
202.85999999999999
184.13000000000002
164.66000000000005
133.89999999999998
193.39999999999995
208.99999999999994
162.17000000000002
278.3399999999999
309.12000000000006
265.09
344.17
307.02000000000004
224.29999999999998
287.46999999999997
290.4
239.73
247.82000000000005
314.8
292.77000000000004
298.8
310.83000000000004
334.12000000000006
328.0500000000001
283.91999999999996
300.73999999999995
317.73
447.5000000000001
337.84
367.31999999999994
433.37000000000006
386.44999999999993
363.53000000000003
294.74
279.57000000000005
370.83
309.46000000000015
174.10999999999999
167.17000000000004
135.16000000000003
149.73999999999995
178.99999999999994
182.48
171.67000000000002
187.25000000000003
215.63000000000005
182.18999999999988
163.34
118.75000000000004
121.80000000000001
96.03999999999999
164.36000000000004
162.03999999999996
225.4199999999999
105.36999999999996
141.1
125.82000000000004
155.48999999999998
140.81
164.12999999999997
141.56999999999996
109.40999999999997
132.64999999999998
143.73999999999998
128.78
200.77
139.98000000000002
184.50999999999993
141.56999999999996
183.97000000000003
206.57
103.17999999999998
150.38
168.72
122.95
126.38000000000002
142.89000000000004
138.64
133.68000000000004
151.28000000000003
196.85999999999996
162.39999999999998
239.61999999999995
155.29
139.53999999999996
122.28
179.11
196.73000000000002
166.70999999999998
137.97000000000006
140.08
187.50000000000003
171.33999999999997
115.12000000000002
119.67999999999998
132.37
105.50999999999999
92.97000000000001
103.96999999999997
91.88000000000001
99.51000000000002
131.30999999999997
151.75999999999996
141.0
90.59999999999998
142.21
106.04
143.72
107.00000000000003
81.62000000000002
104.62000000000005
136.19000000000003
93.87000000000002
92.06
90.90999999999998
132.57999999999998
83.88000000000001
93.08
87.82000000000001
73.37000000000002
74.08999999999999
90.60999999999999
82.57000000000002
151.93
187.68000000000004
188.42000000000002
185.44000000000003
187.8700000000001
200.91000000000003
250.98
253.53
215.56
178.67999999999998
121.72000000000006
84.37000000000002
106.21000000000002
123.63999999999999
111.26999999999998
96.72999999999998
84.24
93.5
121.81000000000002
161.17
223.64
183.62999999999997
211.51000000000002
236.31999999999996
232.97
200.95
256.27000000000004
272.88
212.98000000000002
248.90000000000003
254.85000000000005
277.44000000000005
234.73
265.11
251.18000000000004
293.39000000000004
270.11
336.41
297.92
206.70000000000005
181.24000000000007
161.91000000000003
147.58999999999995
153.20999999999995
128.99000000000007
162.10999999999996
151.26999999999998
193.46000000000006
192.83999999999997
222.88999999999996
213.34999999999997
213.00999999999993
205.26000000000002
244.07
292.80999999999995
240.88
249.17000000000004
241.88999999999993
235.93
243.89999999999995
255.01
260.06000000000006
225.10999999999996
233.40000000000003
270.44999999999993
291.19
261.09999999999997
323.1
277.5
220.91
237.52000000000004
221.84000000000006
282.1300000000001
271.75
233.47999999999996
252.37000000000003
306.5300000000001
280.1099999999999
241.51999999999998
230.95000000000005
190.92
185.30000000000004
219.46
261.05
247.73000000000005
237.86999999999998
171.49000000000004
131.27
152.15
136.33000000000004
148.31999999999996
167.83
165.45000000000005
151.42000000000004
154.74999999999997
174.54
197.67000000000002
186.35000000000002
227.16999999999993
207.4399999999999
222.55999999999997
179.03
193.52000000000004
151.89999999999998
180.33999999999997
189.90999999999994
205.17000000000002
194.2
188.93999999999994
199.30999999999997
180.31999999999996
195.51000000000002
170.02000000000004
181.36999999999998
179.60000000000005
177.87999999999997
136.53
181.83000000000004
175.83000000000004
168.73999999999995
170.60999999999999
157.01999999999998
153.51000000000002
155.35000000000002
128.51
138.91000000000003
135.92
132.25000000000003
139.42999999999998
205.28000000000003
175.04999999999998
228.02999999999997
138.67
171.83999999999997
213.13
220.77000000000004
250.09999999999994
242.2299999999999
257.88
252.59000000000006
231.61
203.37000000000003
243.38000000000005
244.85999999999996
234.2199999999999
208.0300000000001
268.7799999999999
218.24999999999997
227.75
193.63000000000005
238.45000000000002
221.28
217.00999999999996
247.0999999999999
245.28000000000003
228.98999999999998
240.31000000000012
234.40999999999997
278.88000000000005
263.43
228.53000000000006
209.56999999999996
181.98000000000005
183.20000000000002
171.11000000000004
144.17999999999998
171.86
380.5
161.94
136.89999999999998
200.85
162.43999999999994
225.66999999999996
152.93
166.60999999999996
173.22999999999996
178.38
156.62999999999997
183.59
286.15999999999997
254.11000000000007
244.67999999999998
209.00000000000006
330.74
253.26
267.18
229.12000000000003
362.11
366.19999999999993
381.51000000000005
385.48
410.57
382.17
445.82
407.92
379.7
356.8300000000001
426.6600000000001
356.32
452.5799999999999
374.99999999999994
436.99000000000007
427.08999999999986
402.81000000000006
476.3200000000001
398.43
438.77000000000015
422.69000000000017
429.2
451.67
407.21
374.19999999999993
551.0099999999999
651.28
439.52000000000004
478.67999999999995
513.0999999999999
521.51
410.83
432.26000000000005
460.49000000000007
392.19
439.08000000000004
392.50999999999993
361.00000000000006
397.26
394.54999999999984
325.3899999999999
393.40000000000003
403.00999999999993
390.46999999999997
405.16999999999996
289.57
330.77
407.93999999999977
398.43000000000006
377.27999999999986
367.41
339.76
292.29
372.81999999999994
348.23
276.3599999999999
271.76
217.74000000000004
194.03999999999996
230.47
217.92000000000002
244.74000000000004
328.69
252.15000000000003
183.68999999999988
252.51000000000002
262.09
253.59
279.44000000000005
230.15000000000003
235.15
243.1200000000001
260.24
330.97999999999996
256.71999999999997
258.56
285.71999999999997
387.05
343.94999999999993
366.1
339.1799999999999
418.19
427.61000000000007
425.78
412.5800000000001
424.9700000000001
408.16000000000014
467.4699999999999
450.20000000000005
490.34000000000003
464.2299999999999
387.59999999999997
447.58
356.12999999999994
381.74
502.41
380.7799999999999
414.20000000000005
402.59999999999997
389.80000000000007
390.31999999999994
425.65999999999997
362.58999999999986
382.69
444.4199999999999
391.19
329.6
288.09
293.94
342.31999999999994
324.5899999999999
327.9600000000001
363.7099999999999
299.73999999999995
309.83
325.7100000000001
335.5200000000001
334.4799999999999
305.90000000000015
296.71000000000004
262.78999999999996
369.63000000000005
318.50999999999993
335.28999999999996
328.17
324.7900000000001
447.69000000000005
386.9800000000001
422.93999999999994
373.87
413.48999999999995
445.88
358.8599999999999
515.1999999999999
428.02000000000004
323.86000000000007
303.2999999999999
385.6499999999999
335.28
358.15999999999997
325.6999999999999
332.0700000000001
366.0299999999999
319.8199999999999
341.31
369.93999999999994
312.73
355.39
329.01000000000005
376.82
389.83
337.96
351.5500000000001
436.13
249.20999999999998
266.89
360.7799999999999
316.54000000000013
272.76
269.40999999999997
256.35
290.02000000000004
293.0800000000001
274.31000000000006
264.58
249.08999999999997
277.54
299.16
346.15
362.26000000000005
253.49999999999994
266.3099999999999
270.4699999999999
379.47
353.7300000000001
345.57000000000005
417.43999999999977
328.33000000000004
425.71999999999997
409.92999999999995
355.6299999999999
362.3500000000001
367.68000000000006
407.44
287.97999999999996
345.26
396.6
346.78999999999996
298.11000000000007
343.80999999999995
321.74
428.58999999999986
1044.64
1886.8700000000003
1790.8200000000002
2113.0200000000004
1879.9899999999998
1912.9299999999998
2161.1600000000003
1991.9500000000003
2110.3400000000006
2006.3999999999994
2225.7599999999993
2153.8899999999994
1910.3199999999997
1742.54
1805.5600000000004
1389.0999999999997
1723.5600000000002
1854.0099999999995
1823.7699999999998
2062.08
1851.25
2144.830000000001
1928.2499999999998
2103.32
1803.64
1519.65
1815.15
1770.87
2031.2299999999996
1720.5699999999997
1961.7299999999996
1886.8900000000006
1896.9099999999996
1414.33
250.14999999999995
169.30999999999997
152.81999999999996
150.83
230.66999999999996
266.87
243.20000000000002
239.53000000000003
343.68
1368.6000000000001
2001.8900000000006
1981.7299999999998
2212.230000000001
2347.390000000001
1853.1800000000003
2049.54
1923.6299999999997
2009.7899999999997
2045.56
2125.7199999999993
2022.6799999999998
2050.2499999999995
2246.52
1893.7499999999995
1752.0499999999997
1930.4299999999996
1915.7300000000002
1980.7000000000003
1769.67
2107.2599999999998
1963.4699999999998
1783.1500000000005
1674.3200000000002
1726.97
1847.8799999999999
1812.9500000000003
1715.2299999999998
1999.0100000000004
2128.93
2058.4600000000005
2185.95
2313.6099999999997
2063.37
2162.07
2051.93
1976.1900000000005
1856.69
2029.7500000000005
1707.66
1710.2499999999998
1699.9299999999998
1818.1999999999998
1957.5000000000002
2198.3399999999992
1740.8999999999999
1679.2600000000007
1870.3400000000001
2007.0100000000004
1839.5200000000002
1867.7599999999995
1882.8100000000002
1659.39
1713.54
1710.1899999999998
1692.8999999999994
1776.86
1917.5700000000006
1937.1499999999999
1797.8000000000002
1822.0200000000004
2085.43
1630.5400000000002
1802.8500000000004
1992.4800000000007
2275.8199999999997
2093.8
2297.3000000000006
2300.1900000000005
2099.7
1878.2800000000007
1895.9899999999998
1917.19
2142.7300000000005
1764.4699999999996
1788.0600000000002
1965.5200000000007
1691.82
2241.51
1587.65
1912.3400000000001
1944.5900000000001
1834.73
1728.1599999999992
1741.91
1913.9799999999998
1923.8400000000004
1959.3700000000006
1811.87
1701.3
1951.4700000000003
1827.75
1806.77
1824.0500000000006
1875.6399999999994
1589.1300000000003
1753.2899999999993
1752.19
1911.9999999999998
1658.7400000000002
1647.77
1812.8800000000003
1889.5100000000004
1826.45
1685.3400000000001
1819.1100000000004
1954.31
1945.3200000000002
2368.120000000001
2125.2200000000003
1798.9699999999996
2012.42
1738.1699999999996
1928.7700000000004
1957.9399999999998
2255.3400000000006
1842.3799999999999
2240.4
1833.2699999999998
1731.4000000000005
1682.5000000000002
1872.9799999999993
2123.86
2232.3899999999994
1762.1099999999994
2088.0999999999995
1778.6599999999999
1859.3199999999997
1935.5399999999997
2139.140000000001
1859.69
1860.9299999999996
1780.51
1920.0800000000006
1972.5199999999995
2162.4399999999996
2113.140000000001
2006.7400000000002
1857.7500000000005
1914.9100000000003
2398.640000000001
1924.9199999999996
1847.49
2088.71
2247.42
1985.3799999999997
2233.8999999999996
2090.0900000000006
2251.9100000000008
1972.4100000000003
2063.4900000000002
1966.23
2000.21
2011.4399999999998
1951.4599999999998
2133.38
2171.4900000000002
2100.95
1907.8499999999997
2100.0799999999995
2324.8799999999997
2231.5499999999997
2037.7199999999998
2157.93
2503.6100000000006
2301.7799999999997
2149.91
2200.59
2174.4900000000002
2056.3999999999996
2230.1699999999996
2014.5599999999995
1892.7400000000002
2020.9799999999998
1820.2499999999998
1970.06
1974.0600000000004
2097.9200000000005
1986.3799999999999
1843.5600000000002
2269.0399999999995
2024.8400000000004
2255.1899999999996
2162.6600000000008
2097.0199999999995
2178.4000000000005
2137.2599999999998
2341.7700000000004
2102.3800000000006
2316.61
2234.67
2260.2400000000007
2059.75
2186.0700000000006
2237.6
2147.06
2223.2000000000003
2304.73
2461.16
2167.55
1984.3100000000002
2160.4700000000003
2448.58
2258.03
2485.850000000001
2475.04
2155.1600000000003
2304.5799999999995
2315.82
2454.8
2267.3900000000003
2153.210000000001
2246.3799999999997
2378.41
2264.79
2352.5499999999997
2369.0700000000006
2182.38
2412.439999999999
2640.3299999999995
2238.7200000000003
2220.6
2484.1399999999994
2163.0099999999993
2395.07
2544.7800000000007
2482.77
2360.4900000000002
2040.2499999999998
2390.080000000001
1706.9800000000002
449.3799999999998
469.09000000000003
458.21000000000004
504.23999999999995
433.59000000000003
485.1299999999999
462.4200000000001
409.1200000000002
415.29
463.73999999999995
442.2799999999999
426.98
431.80999999999995
421.29
447.58
483.8200000000001
483.19
545.9
451.34999999999997
423.5500000000002
436.93
466.26000000000005
423.11999999999995
373.2200000000001
366.51999999999987
452.16
439.22999999999996
449.5599999999997
425.40000000000003
428.91999999999996
446.91000000000014
512.8300000000002
491.94000000000005
477.55
521.21
468.75999999999993
500.63
468.83000000000004
581.0600000000001
522.63
544.9799999999999
526.0099999999999
612.42
540.54
517.4200000000001
525.11
453.0199999999999
380.10999999999996
428.66
440.53999999999996
427.0999999999999
454.74
435.05
1709.0299999999997
2437.6299999999997
2513.4300000000003
2189.84
2239.82
2397.28
2304.6400000000003
2333.0499999999997
2321.8599999999997
2279.309999999999
2447.6
2560.9700000000003
2689.3200000000006
2525.47
2396.5399999999995
2621.2699999999995
2469.17
2693.6399999999994
2646.7900000000004
2382.4300000000007
2649.2300000000014
2571.8
2387.93
2457.31
2394.7700000000004
2520.4599999999996
2586.17
2554.61
2371.7
2410.91
2505.8100000000004
2376.4500000000003
2460.2299999999996
2512.0800000000004
2477.6900000000005
3109.709999999999
2463.75
2663.4299999999994
2512.94
2168.65
2157.9199999999996
2514.93
2375.02
2341.580000000001
2388.2800000000007
2205.4699999999993
2386.3199999999997
2184.39
2289.269999999999
2749.480000000001
3986.6
3760.2000000000007
2850.7100000000014
1461.59
2603.09
2648.2999999999997
2842.18
1178.1100000000001
1248.96
1304.2600000000002
1161.2599999999995
1256.0800000000004
1247.8299999999997
1504.7500000000002
1998.09
2804.5099999999998
2862.4600000000005
2570.649999999999
2551.41
2562.2499999999995
2702.4599999999996
2810.8199999999997
2447.35
2481.8700000000003
2600.7700000000004
2543.79
2617.25
2451.4499999999994
2738.640000000001
2735.85
2656.33
2575.580000000001
2646.2699999999995
2567.5200000000004
2465.53
2743.5099999999998
2940.4499999999994
2774.77
2423.49
2571.1800000000003
2453.8700000000003
2504.97
2310.3399999999997
2365.06
2595.6000000000004
2324.54
2029.0699999999997
2326.8499999999995
2322.1899999999996
2163.3700000000003
2223.23
2504.5199999999995
2433.7600000000007
2248.449999999999
2517.94
2397.83
2374.5100000000007
2247.6100000000006
2221.73
2191.6299999999997
2014.3999999999999
1931.5399999999995
1698.0799999999997
1772.4900000000002
1831.2900000000002
2030.92
1664.8300000000004
1793.8799999999999
2088.78
2134.6
2043.04
2017.5999999999995
1958.03
1949.4999999999998
2071.000000000001
1810.1299999999999
1971.5000000000002
1725.6200000000001
1776.2800000000002
1893.5899999999995
1766.9900000000005
1681.4899999999996
1880.2699999999995
1595.1800000000003
1735.9499999999998
1927.1599999999994
1778.34
1865.6899999999996
1785.1700000000005
1902.53
2316.61
2166.1399999999994
2108.2799999999997
2201.5099999999998
2153.9399999999996
2013.6999999999996
1901.74
1833.41
1704.7499999999998
1810.1000000000004
1847.3099999999995
1927.1199999999997
1803.1900000000005
2035.24
1807.3899999999999
1891.9499999999991
1939.0600000000004
1881.6499999999996
1883.7600000000002
1750.2299999999996
1731.3799999999997
1881.01
1869.44
1809.5200000000004
1962.1400000000008
1992.03
1855.8100000000004
1949.4
1828.6500000000005
1822.8200000000004
1859.53
1764.6999999999998
1933.9600000000003
1923.1200000000001
1704.2799999999997
1892.0699999999997
1949.0899999999997
1917.7199999999993
1972.5900000000006
1815.8699999999997
1884.6799999999994
2030.7300000000007
1861.93
1897.6499999999996
1927.4799999999998
1925.1200000000001
1943.6799999999994
1837.11
1841.8399999999997
1934.83
1928.74
2277.5499999999997
2199.99
2315.7299999999996
2044.0000000000002
2090.2599999999993
2086.0099999999998
2070.7000000000003
2075.5600000000004
1830.8900000000006
2008.85
1940.9100000000003
1984.02
1821.8100000000002
1840.37
1846.1699999999994
2097.05
2039.2700000000004
2098.47
2438.72
2341.7499999999995
2171.97
2294.5099999999993
1874.0700000000004
2997.69
2755.0200000000004
2978.36
2394.42
2217.9300000000003
1276.13
1709.8200000000002
2087.64
2179.68
2051.89
1970.4000000000005
2098.98
1798.89
360.6800000000001
360.07000000000005
362.78000000000003
369.08
370.0699999999999
355.52000000000004
336.3899999999999
338.33000000000004
339.22999999999996
371.34999999999997
355.5800000000001
371.82
370.03999999999996
355.0299999999999
344.26000000000005
332.4599999999999
337.0899999999999
378.1000000000001
326.55999999999995
319.02000000000004
350.82
311.1
347.36000000000007
356.58
379.44000000000005
341.36
339.9599999999999
332.19000000000005
338.62
356.73999999999995
353.37
348.0
307.6300000000001
329.4
334.55
329.12999999999994
355.38999999999993
350.7399999999999
321.43000000000006
357.37999999999994
356.46999999999997
364.00000000000006
375.87
372.08
318.7499999999999
349.03000000000003
366.35
346.64000000000004
339.0899999999999
397.58999999999986
313.43
343.2999999999999
393.4499999999999
364.0500000000001
382.24
359.9700000000001
354.13000000000005
374.3400000000002
370.87
355.09
338.86
330.8700000000001
392.9100000000001
356.19
371.08
373.98999999999995
396.0200000000001
388.0900000000001
358.9700000000001
360.5999999999999
329.06999999999994
391.61
354.37
343.6100000000001
355.93999999999994
348.29
327.2599999999999
332.48
360.57000000000005
322.12
334.55000000000007
326.7699999999999
359.73
343.00000000000006
349.07
318.5900000000001
331.88999999999993
352.1799999999999
382.86
340.83
346.66
391.84
381.81000000000006
358.52
343.6
329.29
385.09
367.26999999999987
353.43
333.03000000000003
334.78999999999996
354.29
345.24999999999994
539.7099999999999
339.67
413.8800000000001
397.36
348.84999999999997
347.56999999999994
387.19
391.3699999999999
397.4500000000001
321.62000000000006
339.93
381.28
344.8200000000001
367.55999999999995
353.06999999999994
365.77000000000004
312.30000000000007
321.5299999999999
299.76
325.5400000000001
1064.7600000000002
2444.26
2670.6400000000003
2395.36
2604.3799999999997
2557.11
2331.8
2247.090000000001
2021.7
2185.88
2280.07
2287.0199999999995
2178.14
1972.3200000000002
2386.76
2458.91
2558.970000000001
2381.7799999999997
2751.210000000001
2357.1099999999997
2354.6
2633.0099999999998
2768.93
2363.56
2762.42
2640.34
2621.9499999999994
2721.0400000000004
2690.3299999999995
2404.89
2334.07
2230.6900000000005
2381.02
2329.6999999999994
2701.2999999999997
2902.45
2501.46
2264.8100000000004
2360.99
2372.29
2499.9999999999995
2292.05
2128.95
2243.2499999999995
2341.2799999999997
2509.5700000000006
2619.4900000000007
2318.76
2220.2799999999997
2325.53
2378.14
2435.4199999999996
2535.93
2628.4700000000007
2549.9900000000007
2515.969999999999
2454.4399999999996
2392.65
2200.86
1862.9700000000005
1970.2399999999993
1976.7500000000005
2133.0199999999995
2254.85
2196.24
2188.7100000000005
1983.3100000000004
1996.0500000000004
1847.54
1989.31
1793.3399999999997
1808.9899999999998
1817.3900000000003
1973.8400000000006
1811.84
1939.45
2032.8600000000001
1990.6399999999999
2040.67
1920.5700000000004
2088.19
2069.890000000001
2041.7299999999998
2105.390000000001
1950.3500000000004
1925.6699999999996
1952.95
2025.9000000000005
2193.24
2383.0699999999997
2240.5299999999997
2172.4100000000003
2057.640000000001
2158.55
2046.58
1882.3000000000002
1801.0399999999995
1768.0300000000002
2024.6399999999999
1865.34
1796.8099999999997
1970.6300000000006
2114.7899999999995
1688.0600000000002
1768.5799999999997
1610.9799999999998
1406.5200000000002
1401.1999999999998
1541.47
1668.63
1593.4899999999998
1674.2799999999997
1876.240000000001
1637.4900000000002
1665.8300000000002
1691.6900000000003
1925.2899999999997
1925.19
1840.1800000000003
1791.7499999999995
1739.6099999999994
1927.8300000000002
1881.96
1802.58
1828.5000000000002
1575.3700000000001
1785.2800000000002
1877.1499999999999
1605.99
1743.5199999999998
1765.1199999999994
1333.05
